<svg xmlns="http://www.w3.org/2000/svg" xmlns:xlink="http://www.w3.org/1999/xlink" version="1.1" style="enable-background:new 0 0 458 195.7;" xml:space="preserve" width="458" height="195.6999969482422"><rect id="backgroundrect" width="100%" height="100%" x="0" y="0" fill="none" stroke="none"/>
<style type="text/css">
	.st0{fill:#FFFFFF;}
</style>




<g class="currentLayer" style=""><title>Layer 1</title><rect id="XMLID_90_" x="202.89999389648438" y="5.5" transform="matrix(0.7071,0.7071,-0.7071,0.7071,76.5799,-147.3515) " class="st0" width="26.5" height="26.5"/><g id="XMLID_88_" class="">
	<polygon id="XMLID_89_" class="st0" points="180.81388688087463,91.60940551757812 180.81388688087463,134.40939331054688 224.9423063124559,134.40939331054688 273.10163826456846,134.40939331054688 273.10163826456846,70.4094009399414 224.9423063124559,70.4094009399414 205.5300263590725,70.4094009399414 196.08908907033765,61.409400939941406 197.14986744977796,61.409400939941406 225.79091606705333,61.409400939941406 254.32586418571373,61.409400939941406 282.6486274933377,61.409400939941406 282.6486274933377,87.50940704345703 282.6486274933377,115.4094009399414 313.411204543655,115.4094009399414 313.411204543655,88.4094009399414 340.991442409103,88.4094009399414 340.991442409103,115.4094009399414 368.2534475700286,115.4094009399414 397.2126924728909,115.4094009399414 397.2126924728909,141.5093994140625 397.2126924728909,168.40939331054688 425.53549624599873,168.40939331054688 455.5555195283014,168.40939331054688 455.5555195283014,197.40939331054688 425.53549624599873,197.40939331054688 396.8944597683685,197.40939331054688 369.6324627005397,197.40939331054688 369.6324627005397,168.5093994140625 369.6324627005397,142.40939331054688 339.6124272785919,142.40939331054688 311.6078804892968,142.40939331054688 282.9668642444085,142.40939331054688 254.32586418571373,142.40939331054688 225.79091606705333,142.40939331054688 197.14986744977796,142.40939331054688 169.14532470703125,142.40939331054688 169.14532470703125,114.50940704345703 169.14532470703125,87.50940704345703 169.14532470703125,81.50940704345703 "/>
</g><g class="" id="svg_4">
	<polygon id="svg_6" class="st0" points="180.81388688087463,91.60940551757812 180.81388688087463,134.40939331054688 224.9423063124559,134.40939331054688 273.10163826456846,134.40939331054688 273.10163826456846,70.4094009399414 224.9423063124559,70.4094009399414 205.5300263590725,70.4094009399414 196.08908907033765,61.409400939941406 197.14986744977796,61.409400939941406 225.79091606705333,61.409400939941406 254.32586418571373,61.409400939941406 282.6486274933377,61.409400939941406 282.6486274933377,87.50940704345703 282.6486274933377,115.4094009399414 313.411204543655,115.4094009399414 313.411204543655,88.4094009399414 340.991442409103,88.4094009399414 340.991442409103,115.4094009399414 368.2534475700286,115.4094009399414 397.2126924728909,115.4094009399414 397.2126924728909,141.5093994140625 397.2126924728909,168.40939331054688 425.53549624599873,168.40939331054688 455.5555195283014,168.40939331054688 455.5555195283014,197.40939331054688 425.53549624599873,197.40939331054688 396.8944597683685,197.40939331054688 369.6324627005397,197.40939331054688 369.6324627005397,168.5093994140625 369.6324627005397,142.40939331054688 339.6124272785919,142.40939331054688 311.6078804892968,142.40939331054688 282.9668642444085,142.40939331054688 254.32586418571373,142.40939331054688 225.79091606705333,142.40939331054688 197.14986744977796,142.40939331054688 169.14532470703125,142.40939331054688 169.14532470703125,114.50940704345703 169.14532470703125,87.50940704345703 169.14532470703125,81.50940704345703 "/>
</g><g class="" id="svg_12">
	<polygon id="svg_14" class="st0" points="180.81388688087463,91.60940551757812 180.81388688087463,134.40939331054688 224.9423063124559,134.40939331054688 273.10163826456846,134.40939331054688 273.10163826456846,70.4094009399414 224.9423063124559,70.4094009399414 205.5300263590725,70.4094009399414 196.08908907033765,61.409400939941406 197.14986744977796,61.409400939941406 225.79091606705333,61.409400939941406 254.32586418571373,61.409400939941406 282.6486274933377,61.409400939941406 282.6486274933377,87.50940704345703 282.6486274933377,115.4094009399414 313.411204543655,115.4094009399414 313.411204543655,88.4094009399414 340.991442409103,88.4094009399414 340.991442409103,115.4094009399414 368.2534475700286,115.4094009399414 397.2126924728909,115.4094009399414 397.2126924728909,141.5093994140625 397.2126924728909,168.40939331054688 425.53549624599873,168.40939331054688 455.5555195283014,168.40939331054688 455.5555195283014,197.40939331054688 425.53549624599873,197.40939331054688 396.8944597683685,197.40939331054688 369.6324627005397,197.40939331054688 369.6324627005397,168.5093994140625 369.6324627005397,142.40939331054688 339.6124272785919,142.40939331054688 311.6078804892968,142.40939331054688 282.9668642444085,142.40939331054688 254.32586418571373,142.40939331054688 225.79091606705333,142.40939331054688 197.14986744977796,142.40939331054688 169.14532470703125,142.40939331054688 169.14532470703125,114.50940704345703 169.14532470703125,87.50940704345703 169.14532470703125,81.50940704345703 "/>
</g><g id="XMLID_86_" class="">
	<g id="XMLID_87_">
		<polygon id="XMLID_14_" class="st0" points="214.13247728347778,130.06409740447998 241.9572606086731,90.4203748703003 230.62391710281372,74.31511974334717 214.13247728347778,97.75033855438232 144.3889012336731,-1.3589773178100586 132.9829182624817,14.74628734588623 "/>
	</g>
</g><g id="XMLID_84_" class="">
	<polygon id="XMLID_85_" class="st0" points="24.701544680053303,61.40940856933594 51.164411258188466,61.40940856933594 77.13540837083747,61.40940856933594 104.28691201811762,61.40940856933594 104.28691201811762,88.40938568115234 77.13540837083747,88.40938568115234 51.164411258188466,88.40938568115234 24.60316484171676,88.40938568115234 24.60316484171676,115.40938568115234 51.164411258188466,115.40938568115234 77.13540837083747,115.40938568115234 103.69665280556274,115.40938568115234 130.8481564528429,115.40938568115234 130.8481564528429,87.50939178466797 130.8481564528429,60.50940704345703 130.8481564528429,33.60940170288086 130.8481564528429,27.20939826965332 158.3931635994977,55.00940704345703 158.3931635994977,60.50940704345703 158.3931635994977,87.50939178466797 158.3931635994977,114.50939178466797 158.3931635994977,142.409423828125 130.25790516727375,142.409423828125 103.69665280556274,142.409423828125 77.13540837083747,142.409423828125 51.164411258188466,142.409423828125 24.701544680053303,142.409423828125 -0.974334716796875,142.409423828125 -0.974334716796875,114.50939178466797 -0.974334716796875,87.50939178466797 -0.974334716796875,61.40940856933594 "/>
</g><g class="" id="svg_8">
	<polygon id="svg_10" class="st0" points="24.701544680053303,61.40940856933594 51.164411258188466,61.40940856933594 77.13540837083747,61.40940856933594 104.28691201811762,61.40940856933594 104.28691201811762,88.40938568115234 77.13540837083747,88.40938568115234 51.164411258188466,88.40938568115234 24.60316484171676,88.40938568115234 24.60316484171676,115.40938568115234 51.164411258188466,115.40938568115234 77.13540837083747,115.40938568115234 103.69665280556274,115.40938568115234 130.8481564528429,115.40938568115234 130.8481564528429,87.50939178466797 130.8481564528429,60.50940704345703 130.8481564528429,33.60940170288086 130.8481564528429,27.20939826965332 158.3931635994977,55.00940704345703 158.3931635994977,60.50940704345703 158.3931635994977,87.50939178466797 158.3931635994977,114.50939178466797 158.3931635994977,142.409423828125 130.25790516727375,142.409423828125 103.69665280556274,142.409423828125 77.13540837083747,142.409423828125 51.164411258188466,142.409423828125 24.701544680053303,142.409423828125 -0.974334716796875,142.409423828125 -0.974334716796875,114.50939178466797 -0.974334716796875,87.50939178466797 -0.974334716796875,61.40940856933594 "/>
</g></g></svg>